27468330992
20477295674
20352054527
20396449456
20263359314
20169345385
20182387232
20439946033
23509378444
20381836321
27186439770
20604499098
20603243006
20165627750
27145864610
20423403765
20314314175
20147371196
23121501309
20145296553
20204613010
20147569867
20306978765
20082675273
23085854429
20109492605
20130586660
20221634471
20078282712
20083454769
27124222147
27276248214
20203066296
20119533229
20047469334
20249335313
20126023759
20122291023
20085442598
20050838057
27134495540
20125532358
20128030760
20134143887
20258848080
27161677677
23175815279
20229418859
20122205453
20178093682
20208579720
20149783459
20128935844
27164282827
23140486469
20149066773
20103156468
20123817800
20120252470
20166464898
20188647015
20271355190
20076600156
20073749221
20116756944
23136536869
27175409608
23045373959
23124973449
20118135637
20131374616
20136105389
20109185494
20127153397
20168611936
23273207724
20054109815
23112705309
20118719868
20113775956
27286489953
20134862484
20142434378
27124105698
20254151166
20177256138
20135646440
27353819254
27148310845
20060027332
20114470024
20060027731
20604516677
27066632666
23147980884
20076963003
20142186625
20060504149
27105059022
23081137099
20087086152
20107098187
20085054784
27184045724
20206269880
20046071051
20145753490
27184178112
27126397548
20084877175
20044278074
20103148600
27264248707
20110270357
20085940806
20133694413
20117358098
20102000189
30715127209
23222513499
20085693000
23269431539
20940256470
20258659636
20219235241
20266873299
20228601951
20060679119
20060114952
20107272012
20100685311
20109871320
20215873723
27059651159
20104353127
20245533293
20138688683
20143563481
20291358684
20234582349
20079806332
23162932039
20106488631
20137836832
23128126899
20117064566
20063027287
20173907738
20100170176
27202191989
20134751402
20084509206
20108249642
23084188719
20184378222
20220265820
23083560789
20272942383
20223395156
23176713879
23084735329
20167211187
20128110497
20131543744
20171545340
20181744538
20170119615
20111898309
20124868174
20251330116
20121513081
20144414323
20144833199
20118714025
20289126970
23270011799
20131695536
20216415648
27263242047
23164914399
20214118638
30707046399
27168230953
20255989910
20120460154
20234563883
27248825257
20083560925
20128515764
20179876214
20112139738
20076386634
20139468954
20121536723
23080445369
20124336210
20134949377
20122252230
27107767598
20137372984
27253940900
20135165345
20130700110
20117756662
20179358701
20235418933
20146098593
20076399701
20208015614
20245267801
20083285347
23218465854
27231302064
27249429592
20201074402
20081194271
20141216687
23281743384
20103068178
20084312623
20148133671
20122925898
20049159936
20248560712
20252821202
20165339259
20048043764
20108278510
20176930757
20054563060
20233650030
27275144660
20103972184
20078320320
20134468506
20060301280
20086173434
20057608103
20081235695
20161814793
27109512554
20268106597
20085260406
20101460674
20101463835
20107854704
20062207974
20115337891
20116780187
20183689542
20116084601
20160052776
27161794363
27143259310
23174800669
20202525386
20111409294
20269736357
20252095102
20085051343
20041816911
20048535799
20107880632
20079484459
20131126485
20229800192
23166687349
20046472951
20043972570
20145639310
20136315960
27053069679
27180295165
20232525860
20281544447
20203836644
20114451992
27219157806
20256692679
20136787544
20137867541
20179202388
20250353554
23221021274
20123640811
20076737666
20146953655
20139170912
20050903088
20172319220
20187248257
20049924381
23174168474
23261320924
20274889080
20259115087
27224730484
20184301181
27338253724
20170498527
27104183935
27061922666
20925155013
23082532919
20106200603
20059473892
20117730752
20118633017
23112305009
20044087724
20042562824
20109907686
27162986401
20084688755
23149241809
20213233816
20081960640
20082024825
20164464645
20116642205
20102172605
20041809575
23100191679
20114935175
20250808551
20179562147
20112912429
27122634774
20122166091
20233232425
20213070933
20219962666
20115914759
20226822934
20179477506
20049843896
20238286787
20076658472
20133689746
20119537313
20120831551
24132837437
20125427139
20059461258
20141440730
23176598409
23138968839
20162617800
20101666884
20041383918
20138633528
27254786565
27208624038
27180291283
20084894657
20137863694
20123920482
27172993066
20261057868
20130489754
20125167455
20106765465
20043818202
20133400916
20237987595
20924094983
20165885598
20252120026
27263681881
20223409009
20138750257
20139977352
20122105416
20182601722
20102823320
20201007209
27167982714
27203211061
20266501960
27180075130
20108664062
20117526721
20078566753
20134841428
20079912574
23127814139
27118406708
23136133039
27927941444
20058332241
20147113014
24054015360
20107719394
27130357399
20307677270
20185814530
20102742436
20138716792
20086181143
20123130333
20180433962
20116585872
20148370118
20166593604
20147091304
23240924064
20101983693
20107443283
20059396472
23247290729
20232950731
27223235811
20119829004
20220500358
20269080346
20080725214
20131070188
20086655757
20105925884
20084559149
27057810330
20131841710
20081512931
20140434397
20187015503
20147816279
20216343507
20166630682
20085430239
20142862329
20135588335
27218657562
20081712221
20110813008
27114930119
27182600453
20123913338
27249672004
20129346893
23119888379
27116337687
20168471425
20179994853
27302484932
23243021839
23126087519
20080102713
20163545943
20221763921
23137554569
20281940105
20167598847
23112809139
20116001080
20233087050
20177117987
20103384916
20132813206
23085453149
20215866131
27106512936
27203054802
20134251620
23140122009
20228085422
20086074495
27262808268
20078125870
20149318152
20184288061
20306930711
20056503219
20250961813
23084475599
20178568648
20280015351
20333908108
20218495010
20062641763
20044048389
20144068840
20120927729
20118186746
20167351728
20123029683
27204132785
23180635289
27172811170
20260876636
20229297636
20255984900
24230332432
20290587760
23247322884
27179621326
27310592590
20324787179
20140384829
20129626101
20076060453
20044084970
20134733528
24085857386
20161290506
20115384237
20148658332
20138370985
20124421935
20060179434
20171522537
20240703956
20224896124
27122823941
20125222987
20083639920
20146580514
20140484955
20081650765
20100048338
20129574179
20138447872
20121581133
20075006927
20072541554
20223581553
20181192497
20178557263
27099906451
20211264277
20106053511
27023669205
20043787927
20161279731
20147878215
23296900974
20043994108
20209597544
20062311151
20078063395
20145706344
23185010139
20264584680
27241364297
27284020168
20306588088
20280756181
20244879129
20105552190
20203088141
20138437370
20045557554
20148782149
20085029364
20233802744
20276431340
20209940362
20046363311
20141140184
27161460767
20306928407
23114281719
20080689218
20076826375
20111788953
27186019429
20045248233
27104916762
20202264515
20084959465
20105325976
20084723194
20049253045
20281434706
20217879958
20207513149
27162368589
20181109476
20148127477
20252415573
27136645418
20119850461
27138237953
20109948935
27134771580
23054074484
20131006749
20141155114
20119838011
20146346910
20287805285
20224394781
20140584879
20217533946
23298392569
20291875700
20218219056
23274654449
20276738128
20205777815
20252316842
20160625474
23076688249
27115692181
20114099946
23273121579
27124523554
20109823474
20109068188
27203818578
20207838250
23085854429
20302785237
20108722976
20060584649
20146757066
20222004633
20126849754
20123539061
20083763028
20101571212
20045293492
20082377248
20119049866
27249646267
20146021922
23084136689
20139214227
23209246279
20078713535
20169688576
20207504352
20045566766
20109856569
23106502579
23269380799
27168953165
27066996358
20084738523
27176872352
20267224162
20216324774
20182374602
20138973892
20123954972
20101825044
20171565627
20178440765
20126137088
20135370372
20160838702
20148395889
20208737296
20117476481
20079979652
20123735227
27109253028
20135987116
20202222294
20138521649
20108519437
20164586147
20127558443
20278122434
20181411490
20229307968
20079921360
20079676447
20171497346
20140466272
23113931809
27052423908
20083092689
20143475892
23162843699
20139653948
20043939247
20218434186
20122274870
20123490925
27138745444
27116607056
20085595238
20139072457
20114103560
20162862589
20259142718
20107005839
20274944626
20276531019
20222207267
20227436469
20242801246
23269685999
20255340469
20121694841
23271550189
27060555333
20082638246
20133624466
20170316348
20043529316
20119349851
20130119140
20239257217
20240412528
20149463349
20077535587
20080010681
20125135499
20055407925
23114789119
20186043325
20132642541
20052685061
27286447347
20083493136
20083858347
20056064827
20048413693
20290758034
20229307968
20181411490
20179026261
20045047130
20138633528
20108441047
20109836711
20083205491
20043992113
20172607803
20166245487
27226385318
20170637829
23062507209
27160732372
20076104388
20148579556
20040517384
27470789145
20416578428
23388196009
27211557902
20482933301
20497383081
27237533467
23485215344
27222348701
27172789671
20043972570
23167493459
20060371580
20131694505
20318879002
27223272660
20267509868
23255667939
27120272034
27286020114
27172369621
27175635470
27208681953
20083808102
27247516714
27049251756
27160414923
27063663277
27160153763
27209215794
27027372177
27142667814
27207971826
27130718510
20045579213
20146820442
20140776565
20105143460
20266157755
23147853599
20269220482
20261505240
20204571229
23149894799
20224764503
20121924219
20128605968
23266736169
20238254850
20076464120
20119787123
27270042487
27142302719
20082436856
20122851231
27122188987
20105705272
20136398793
20246267066
20280714195
20079868621
20117455042
27056363748
20271760664
20264854378
23172688659
20175156098
20109181499
20164429459
20166598401
30681015740
23341976979
27137795715
27053247127
20166549788
20214056578
20221770227
20256048664
20174913014
20174726931
23122312879
20259731411
20255189337
20143438377
20297491653
20305287092
20230407127
20217178542
20175154826
27131160947
20083001179
20110160713
20134391287
20084919609
20346284073
20263970692
27238613154
27260507287
20117776949
20078348942
20078107287
20059482719
20075913800
20210601237
27269010768
20080463546
20134898195
20174720453
23109954489
20256299551
20115783212
20177765458
20231570889
20923271504
20234301064
27172208261
20143746675
20135501027
20181149192
20108538342
27202452456
27218131641
23146164234
20080140828
20080140151
27118567116
20125965173
20177152464
20113824892
20120043154
23125134769
23075860579
20116336724
20273237918
20229207467
27299382813
27236293896
27146280507
20319154303
23256187019
20269035928
20181741458
20061470418
20147079703
20061479490
20105822406
23130619649
20101793746
20187467781
20176993597
23204628084
27233815913
20258235526
27260257825
20207099865
27278640707
27312421823
27166902687
20110619511
20164553079
20175749382
20141070372
20087872697
20172901612
27346378153
27205240506
27350872332
20162356373
20237598858
20269931060
20221780842
20247329561
27285928341
20201543267
20320325812
20312674700
20141502442
20233070123
27330630693
20238433933
20081619396
20142263468
20116568587
20116019982
23080650949
20137841836
20125985344
20082821865
20118467869
20160051621
20069010998
20084566935
20109076407
20068346305
20121175194
20081550396
27009583225
20142291933
20140620034
27059352208
20116669480
20045123643
20044297559
20041612151
23176514809
27200102938
20171569592
20115626230
27258946648
20116070422
20123973837
20160009595
20175807064
20259368430
20222664854
20230729523
20148481815
20210764411
20142384109
20139305605
20078704099
20116898471
20165339259
20108278510
20248560712
20252821202
27222923749
20137501954
27167660334
20219225203
27272376315
20160773465
20207757676
20080776439
20128199110
27168352536
20044293936
20131211784
27168869059
20085501705
20205886835
20225158542
20246053317
27182345828
23302644799
23164016749
20224598689
20080835362
20213281357
20270870865
27112343070
27056686970
20163069408
20305935280
20178660994
20130700110
20206068788
20103151903
20325245728
20064912845
27149690331
20328480345
20276416376
20165725523
27922151852
20257641008
20174837059
27135495617
20185520847
20225054623
20188110321
20141506146
20147038845
20115130049
20085051343
20146953655
20277708230
20208235037
20164878091
20177164012
20180320491
20078759683
20175384155
27127898435
20274027089
20119575592
20046948409
20111512915
23178915479
27128579554
20203026588
20256524881
27112341086
20105784261
20137280230
20126293721
20145961964
20132110833
20118357583
20219217987
20604093601
20067972199
20136521528
20129199467
20085913698
20078369338
20110087595
20176460491
20046232365
27056171512
27127209141
27296202385
27166476491
20165731736
20264266204
20085075692
20204071595
23143411729
20162274644
23119331749
20187661200
20214441129
23171594499
27130465663
27062680429
23060498849
20105509554
20135466663
20119653062
20049748214
20121690153
20083155419
20049863749
20084738922
20213985567
20265467599
20130935797
20079553035
20112402080
20238286787
20049843896
20168424052
20179477506
20078357844
27057959717
20111704946
20111708836
20116826039
20201515905
20133784919
20202125450
20241201709
20313375308
20234589823
20060521507
20184032342
27178016852
20272262846
20119863784
20100805538
20285643903
20175983776
20143916295
20085745221
20275137759
20137988489
20051778082
20142186625
20168763159
20060504149
20309529031
27137223630
20137221048
20063900401
27164002123
20062500191
27232830846
20166076251
20209023874
23246603359
20267269778
20167256911
20102946309
20219225203
20241290809
20084327868
20210643568
20216102283
20217427674
20171733775
20169846473
20136087704
20102409524
20241802079
23281160729
27268805880
20104862668
20167828109
30709569771
27333518401
20218969977
20278720943
20279373104
23217863139
27293324455
23163104989
20160174480
23071136469
20323967718
27203518663
20299294006
20161698521
20262672981
20255343026
27240460829
27356930490
27123433446
20170848161
27240185615
27137430547
27251358198
20230704229
20125902139
20138393691
20084560872
20045198821
20181681943
27038856931
20086334454
20248990482
20076617520
27302691784
20172812016
27182191677
27181500269
20044362652
27123419648
20178568990
20084907392
20045372325
20135691179
20083241951
20113005409
20043891279
20042932664
20045250076
20049737050
20076334812
20104312528
20174500275
20127921440
20138511716
20208709233
20131845392
20119008485
20126063297
20137107415
23114503789
20080340479
27125183919
20110917199
27237098930
20049850809
27165537020
27138443944
20102740271
20145289956
27265072866
20130354239
20111050741
20163290570
20147366346
20102007531
20167598847
23112809139
20079380777
20067683669
20206342766
20078072939
20107026666
20179223903
20101587836
23184557959
20055430129
27144747319
27160608612
20105250062
20182772454
27107373271
27173713482
20137761859
20202214623
20148694967
20181891662
20269932636
23283086879
20304764148
20255096355
20136615166
20185776841
20053127925
20087004725
27282657525
20173366494
20166784620
20123176503
20920738711
20114850560
20100339529
20249413462
20215361269
27254526237
20142458277
20221905513
20236377947
20247191918
20411244661
20080349549
27249325339
20202207112
20109123170
20081497142
20209592968
20216323204
20128735330
20086511402
20123162448
20137220106
20221633742
27148930312
20224138068
23043776649
27053137763
23083232439
20079741761
20117485405
20125094091
20261804744
20139631448
20115578791
20185774598
20120257898
20045481116
20045484670
20046057334
20060781541
20147296259
20168080272
20168201614
27343169766
20055275190
20086528100
20304380196
27254548915
20184036313
20144969260
20106887587
20141941667
20217932433
20307897122
27164402512
20179897572
20164208088
20046378742
20146234969
20081650765
27113511104
20267811416
20257529054
20252219677
20118840705
20146445951
20213770625
20238402094
20083585472
20079884007
20100465745
20110505443
20128757814
20184128900
27128769892
20141744055
20308835007
20290286558
20177040054
20162109244
20130197516
23134203374
27235470379
27217199471
20075771410
27171730886
20167256911
20102946309
20073652562
27272037448
27049477452
20148020761
27287683699
27123700010
20144766831
27173609715
20103203865
27042819692
20063092747
20620658856
20603642768
20627501030
20128934619
20266472081
20232446294
20210083759
20604316465
20163791030
20166002290
20258162642
20182244075
20168798548
20148995355
20285511292
23145535549
20319133047
27165481157
20222804745
20117905846
20239203648
27214683615
20127546682
20368365549
27245043770
20275314081
20144369174
20186795289
20234669452
20045748074
20169369241
20250208872
27243645064
20225595934
20238493448
27201171682
20268293419
20265707832
24319138885
20107544233
27244245477
20103732477
20136006569
20087905684
20161945901
20201778647
20217524394
20257095879
27114930186
20127775479
20081210749
20242400411
23130037739
23148287759
20299540708
23261895749
27232367453
27241331798
20241331769
20108896923
20262209661
23186182294
20141889185
20102068816
20180557068
23106575924
23234318829
20164926487
20077279920
20180098055
23117429784
20085901835
23080650949
27204339800
20143000754
20176265486
20324935682
20217459797
23073704979
23231164529
20137841836
20203848758
20131279400
20076402532
20163353750
20319009214
20232023474
20161173119
20174869015
27063451644
30710828128
27306124299
30710828128
27276814023
27260957959
30999068940
30710828128
20225674672
20224313056
20164188095
20248527960
20274077434
27057836593
20237803559
20044309190
20045321186
23077740929
27297325669
20315118477
20256893968
20928362907
20303108654
20288604968
20294492535
20259191484
23076465819
20112430866
20214014824
20250817488
20181681927
20180155504
20125094091
20272470252
20147891270
20140770117
20243227896
27173258270
20263132948
20309001495
27161110006
27185588926
20247470175
20233935663
20236834620
20138112986
27145173553
27216335487
27269435572
27228203284
20176808145
27408204742
23290767784
20305578259
20238104778
20230545503
20108515628
20140347508
20275351602
20227968800
20188343725
27188294133
23135832324
20269025272
20175570471
20226535234
20131586842
20108538040
20347942953
27240460829
27162447721
20313097006
24292195504
20299899579
20077651102
20174794783
20203388080
20344474746
20252745336
20142918146
20101708579
20175259644
23287198949
20131279400
30710828128
20300556095
30710828128
20121622565
30638727079
30708902426
27175330971
23076465819
20181681927
20079952584
20050924530
23050929639
20213963180
20055436844
20221594925
20078083620
27107026539
20109993361
20119219419
20126650265
20126654783
20246588199
20254622681
20144857411
20118665199
20161886921
20108746662
20108611317
27230965000
23201513839
20078541734

