27961016156
27959796179
27960668702
27959415728
27960569682
27960506761
27960552518
27960221767
27960365343
27426288953
27960364126
27387065763
27960355771
27354280251
27960314773
23272382204
27960276979
27957871742
27960249432
27959032519
27960106445
27443400570
27960089087
27960072710
27960072389
27390798267
27960001953
20960685505
27959999746
27959952367
27420823695
27959856007
27278518952
27959851617
27319135141
27959812336
23180750754
27959794516
27958243508
27959754050
27948141014
27959732421
27958743268
27959647726
27958054535
27959620305
27959298616
27959588878
27959350804
27959585526
27415548074
27959575318
27959545796
27181674267
27959545133
27293163737
27959473558
27940464981
27959406370
27959116178
27959337336
27957711265
27959285360
27958689905
27959271653
27956641999
27959242203
27383589024
27959239393
27413539744
27959203186
27930356439
27959197674
27360889551
27959197003
27944969018
27959135709
27379901730
27959106733
27177920008
27959030478
27128244129
27958978699
27353778353
27958964248
27375356290
27958957187
27287347346
27958929043
27385364267
27958907597
27407683728
27958889262
27291954788
27958837548
27933355859
27958781852
27425704392
27958714128
27957112221
27958665445
27957833123
27958606783
27957375524
27958536793
27309115789
27958532402
27446759448
27958456005
27322322467
27958362272
27307853669
27958354318
27325482406
27958332535
27387078415
27958305864
20957942726
27958209687
27956349309
27958137708
27958062910
27393534325
27957945452
27383801414
27957944219
27357944533
27957799979
27392656893
27957779021
27957530694
27957768364
27296002920
27957674416
27281620024
27957645084
23222781299
27957578395
27397742771
27957293587
27418799779
27957268132
27388310710
27957255316
27231439140
27957255278
27269255272
27957253127
27344394720
27957127792
27335739731
27957058421
27423620531
27957048337
20385347694
27957016451
27949677430
27956995383
27941296780
27956890271
23304117109
27956793888
20399581037
27956742280
27954214678
27956739271
27370537904
27956551582
27942778673
27956456873
27928373431
27956337408
27923440955
27955970654
27345932343
27955924466
27951782721
27955876240
27955834661
27403892160
27955702307
23265936539
27955621404
27952265453
27955621390
23373688169
27955368202
27261667067
27955327557
27330882269
27955129453
23203320469
27954706082
27351121128
27954556935
27388513069
27954506431
27389967047
27954504021
27430866988
27954493798
20409943250
27954433205
27951053940
27954236612
27953346341
27954145714
23957257364
27953661395
20379771786
27953532579
20943438197
27953176519
27386600509
27953150064
27950574394
27953128751
27113710476
27953058060
27949594403
27952805474
27439977464
27952585725
23309546369
27952151989
27369042594
27952149119
27269347959
27952123721
27951228635
27951767021
27951505337
27951370075
27144528226
27951331304
23960750454
27951261721
27621090904
27951073887
27942691926
27950923798
27937078442
27950728863
27396044027
27950601332
27389115016
27950376177
27945123759
27950362478
27435694263
27950219187
27182820100
27949701293
27944438985
27949450444
27942841804
27949402431
27359843092
27949205067
27948666419
27949191252
23338243464
27949113642
27235267123
27949096179
27928754273
27949017368
27373551088
27948992189
27372472729
27948801669
27938783360
27948759018
27210048095
27948669361
27335229598
27948658955
27379712679
27948647481
27939010861
27948509585
27930276451
27948423338
27944411890
27948388486
27930285590
27948009922
27420763927
27947883114
27414557428
27947834105
27944900921
27947793433
27330199046
27947515727
27947407800
27947381690
27940959751
27947088527
27415779726
27946923783
27343832961
27946897545
27352664923
27946810571
27364757242
27946404646
27417394643
27946084552
27416689291
27945949010
27945872697
27346950221
27945794572
27430009333
27945791735
27400340493
27945373380
20945187558
27945112633
27942288005
27944549868
27426434321
27944467578
27393557902
27944436303
27410642331
27944154111
27359605221
27944109361
27415889777
27944073383
23143636259
27943596218
27345613205
27943184483
27372988636
27942965376
27409491834
27942916456
27263871753
27942681203
27277772960
27942662985
27352160879
27942598934
27340271292
27942570622
27459954290
27942547418
27923723353
27942485323
27388301177
27942461653
27283253150
27942404048
27435248662
27942393429
27203505626
27942339602
27373671075
27942257193
27942139042
27403066899
27942080323
27412880671
27942055434
23429129869
27941983117
27230754999
27941902087
27940827391
27941870061
27941663473
27408628364
27941553775
27941460807
27387886937
27941046970
27324556090
27940786113
27934520217
27940618652
27275932197
27940534998
20215380492
27940464310
27322526151
27940337122
27383589377
27939938465
27360765453
27939900484
27439759165
27939882273
27939785030
27929323918
27939776228
27372070205
27939734282
27370666844
27939104785
27388253490
27939074924
27170145912
27938760549
27929393746
27938675509
27318247353
27937224600
27376762543
27937156605
27388438350
27936986779
27379888416
27936903113
27936875349
27401285496
27936874385
27304136443
27936269333
27279302171
27936090759
27178263388
27931829845
27319409306
27931419701
27430306931
27930464606
27275364555
27930455623
27266592871
27930325797
27437637089
27930249926
27300275384
27930222807
27381691638
27929943851
27925179545
27929449059
27393394345
27929083267
27314612502
27928756004
27378426737
27928717920
27224713334
27928666994
27928564172
20252280244
27928526211
27928526203
27928324953
27928169109
27408531689
27927831541
27314679836
27927594728
27358011360
27927536353
27409994267
27927466975
27927382852
27418249205
27927266852
27404720843
27927158553
27228547331
27927039023
27359135462
27926985170
27285055453
27926767327
27401414660
27926651175
27386638522
27926369674
27926348960
27386011708
27926249806
27272719956
27925971796
27418918344
27925875290
27384013630
27925725450
27925605714
27344017412
27925478917
20931084004
27925252501
27408571052
27924625657
23328614804
27924593852
27294053463
27924589332
27232439462
27924582893
27259694278
27924183549
27353516766
27923879353
27388212379
27923636337
27177388446
27922954475
27344949080
27921896544
23170266889
27921891569
27403913230
27921352943
27386171993
27921326942
27295234151
27920115247
27351722571
27629070155
23960070194
27474971843
27403534140
27470635210
27459172659
27452694625
27434915045
27451130116
27169778243
27450034032
27400647858
27448870311
27386355059
27444883702
27439118038
27444239188
27412465364
27444213650
27383016415
27444179029
27429588907
27443933846
27423444032
27440241390
27432372974
27437486692
27400726235
27436237184
27290376861
27436099687
27398223271
27435737566
27335527629
27435263394
27389983379
27434493078
27404042470
27431048480
27372413803
27430568413
27429519689
27430465479
27226054184
27430116334
27360755326
27429628690
27427217391
27428356182
27410242619
27428333093
23287785674
27426924523
27414108739
27426473548
27392116694
27426309055
27394336454
27426260676
27405786937
27426223827
20381479359
27425947600
23273737359
27425721297
27182940610
27425637369
27306051755
27425350574
27401426626
27425291896
27381238984
27425240051
27344300432
27424611404
27402920209
27423444008
27323312260
27423310079
27323707990
27423133266
27362472089
27423109268
27283611545
27422513596
27304105874
27422328403
27394865813
27422317134
27399173235
27422222818
27395188432
27422016479
27142846301
27421932099
27401935709
27421782836
27420998959
27421192370
27314692867
27421032322
27135736584
27420903842
27411650761
27420411176
27386200861
27420379949
27248234143
27420317390
27419044089
27419890559
23406708799
27419562373
23261041219
27419456301
27403769741
27419281587
27418536050
27419263961
27385350339
27418947859
27353202885
27418907571
27404931410
27418831621
20333731607
27418745857
23273123644
27418359027
27336063286
27418242294
27236718021
27417761522
27359151476
27417416221
27364932001
27417295270
27412879533
27416848640
27391154789
27416718372
27207482817
27416682084
27415620980
27416577639
27381322039
27416457641
27336748335
27416440234
27406897163
27416235495
27378709887
27415773957
27347399782
27415736423
27280986866
27415695182
27415569101
27206269265
27415405559
27411428198
27414909979
27402667449
27414621037
27302820584
27413977555
27408561626
27413961853
27305939124
27413857002
27398539724
27413757113
27378561979
27413551248
27412666378
27413533797
27356324701
27413490486
27380011307
27412957534
27394665881
27412897906
27302006240
27412623164
27367226981
27412344273
27337962357
27412167436
20438420089
27412100129
27356175692
27412008214
27380900497
27411950900
27395505608
27411488123
27402571085
27411399031
27401289882
27411316853
27357925695
27411291990
27408534270
27411290331
27388330002
27411175745
27411027851
27386118553
27410764321
27399244922
27410722815
27384316226
27410202684
27387401585
27409801116
27364931625
27409721171
27316738198
27409682133
27337227932
27409328372
27409133989
27408904531
27388203965
27408822799
27365749588
27408662457
27398708291
27408350439
27267604660
27408348515
27382021792
27407887595
27386382684
27407671231
27356033030
27407593656
27335634808
27407470740
27378043633
27407345105
27321991691
27407291609
27136531641
27407169471
27388232434
27407149624
27289162823
27407133639
27389908350
27406474092
27377988863
27406426454
27377627232
27406387483
27380729569
27406282118
27401576385
27405675531
27393968600
27405467866
23288420289
27405352287
23383977894
27404989362
27394349785
27404989176
27376862793
27404853339
27387504724
27404658846
27377370940
27404381313
27235654534
27404089302
27351756395
27403964765
27180385156
27403918356
27401357241
27403890540
27399071793
27403787170
20334859011
27403604645
20284908075
27403596014
27360801360
27403459998
27401443350
27403186614
27353150605
27403180535
27385721027
27403142765
27384058871
27403033192
27386989929
27402903509
27396382518
27402710530
27371376130
27402523420
27402313965
27402263356
23247784659
27402258344
20435712224
27402232973
27236181591
27402225365
27402220894
27390941957
27402032192
27399356127
27401849683
27288953584
27401846498
20283030084
27401381916
27307290427
27401371910
27370604903
27401292344
23234693859
27400983742
27387897351
27400745183
27376835893
27400741064
27400597648
27393391605
27400180488
27247163951
27400088646
20439170086
27400062159
27400056485
27387956714
27399825089
27399647997
20240887100
27399596152
27336267655
27399541684
27359373517
27399477307
27309779911
27399250299
20344348902
27399208640
27335556408
27399163469
23353633449
27398795240
27330360769
27398729221
27334137428
27398707597
27344940210
27398482544
27387092922
27398347671
27398321575
20299307027
27398118826
27395123926
27398051594
27397882514
27336653466
27397743085
27393426034
27397728701
27397450894
27397616431
27223935201
27397408685
27391004361
27396963855
27394833512
27396668608
27296274920
27396568905
20413878706
27396422579
27267112350
27396274294
20355054994
27396082484
23316244599
27396002138
20396677858
27395725268
27347638884
27395606226
27325525121
27395567115
23244446299
27395566178
27283911247
27395564302
27367630561
27395067465
27395046786
27340908517
27394636326
27344983408
27394617992
27311747709
27394606346
27387050952
27394453965
27336029479
27394308671
20323844861
27394261934
27369319359
27394253931
27372973167
27394247354
27386167511
27394144822
27390936449
27394130449
27315986775
27394109822
27317800709
27394071442
27382288063
27394051816
27368998880
27394048785
27345745446
27393527833
27382561754
27393371337
27386637119
27393368123
27346497551
27393284647
27391067177
27393218180
27393026729
27325309607
27392966035
27386960653
27392799120
27360767820
27392322928
20340846231
27392303249
27375082042
27392071321
27357619896
27392064309
27391714830
27381527595
27391707540
27321966131
27391681797
27391529383
27369892776
27391506413
27365363280
27391074068
20411634192
27391009320
27390943917
27327336059
27390911594
20217670439
27390827712
20335780672
27390724689
27347680570
27390379175
27379610027
27390301931
27343508005
27390258254
27386439260
27390182282
27317161676
27390119637
27341951971
27389993145
27324780365
27389940505
27379853639
27389657064
27388379656
27389601840
27356658146
27389596839
23225557624
27389558813
27342954060
27389527217
20391623814
27389477066
27388327907
27389444648
27202132176
27389401612
27359134172
27389389590
27389287917
23331495654
27389182465
20416752568
27389176570
27383696149
27389165676
27384559501
27389149107
27342181002
27389141572
27389088957
27269079725
27389056362
23370497664
27388993532
27354490302
27388954472
27324364191
27388936954
27380106685
27388915914
27388872034
23290369029
27388823017
27388816150
27348859531
27388694144
23921448899
27388513662
27358729881
27388481833
27378660454
27388477704
20952776879
27388454577
27337921405
27388443850
27388422470
27361614661
27388301118
27360751878
27388227139
27387872170
27387864453
27315264052
27387658055
27369696853
27387506425
27360926066
27387297303
27280646445
27387168422
23298248379
27387158516
27382523739
27387154111
27280675836
27386902165
27386807448
27302238672
27386796624
27386730674
27361753238
27386679326
27367085695
27386669541
27377832618
27386616790
27386120388
27386595009
27273729106
27386585607
23299040593
27386384709
27368997353
27386358368
27263109096
27386216512
27279012386
27386154142
27385892395
27386152883
20952918576
27386149068
27353379440
27386134656
27295831907
27386130510
27187755838
27386082834
27206206662
27386047648
27356325627
27385911640
27328600213
27385864987
27360235098
27385643867
27371623227
27385609731
24304076646
27385480879
27383271067
27385339610
27346900356
27385264467
27217750690
27385169278
27371051746
27385135349
27385007413
27348877351
27384967715
23319511199
27384871173
27384819325
27384757117
27375199098
27384496119
27384332906
20250355654
27384330393
27348440204
27384304090
27322579506
27384292734
27363595621
27384240726
27367242596
27384216779
27276035210
27384214687
20948895863
27384022133
27373514468
27384020629
27257755334
27383563483
27330877605
27383533398
27149995701
27383340123
27342327759
27383333054
27310569297
27383288695
27361415987
27383274678
27288670957
27383263846
27123552763
27383183753
27378698133
27383175041
27378035010
27383042750
27351105467
27382975567
27382971111
27382856762
27381784105
27382784753
27382587346
27382770876
27289945577
27382701300
27372370500
27382580104
27328658815
27382565822
27380403744
27382522082
20340187149
27382521655
27237222496
27382421782
27380698566
27382085154
27370013565
27382002585
27381996099
27379916509
27381745991
27335087033
27381693827
27317118592
27381547669
27381424117
27365382897
27381250267
27381237546
27375531289
27381022841
23254507644
27380893164
27344026616
27380849734
27368995628
27380658467
27364013340
27380560203
27184139575
27380395083
27380093117
27340283304
27380024840
27299672617
27379960443
27345291054
27379957388
23308950239
27379288842
27312570918
27379246260
27378335316
27378966537
23177001589
27378957961
27367990991
27378470124
27318176200
27378416375
27371787084
27378411624
27340975877
27378410229
27357628194
27378359045
27253379559
27378278851
27254781970
27378214462
27334370084
27378111272
27149452015
27378110764
27366651034
27378042289
27371849047
27377874205
27372377688
27377867233
27299467045
27377839116
27338282139
27377824720
27302627016
27377824402
27359120538
27377781665
27262964359
27377704989
27377560138
27339740270
27377370746
27375201661
27377236284
20959775495
27377099880
27343403114
27376883847
27284979465
27376789905
27234688427
27376739215
27348488045
27376698330
27368278020
27376692367
20229526872
27376600810
27330269753
27376056754
24239443695
27375999310
27366818893
27375980318
27348786518
27375967869
27367474683
27375782060
20373531066
27375518177
27368956169
27375482407
27183567255
27375415122
27337802791
27375408215
27259067125
27375381716
27345763398
27375377808
27375167714
20319497952
27374972702
27257352752
27374903697
27265727560
27374846855
23308165019
27374840377
27341026275
27374723060
27360110767
27374703302
20317304324
27374555680
27362922815
27374521735
20222251630
27374315450
27272595246
27374283664
27321830353
27374123691
27328073485
27374057605
20349558492
27373825412
27309911828
27373684754
27207396422
27373684290
27283647221
27373610483
27343922499
27373608845
27356259268
27373549393
27343056112
27373545886
27360604476
27373303475
20171052883
27373006683
27330557023
27372994172
27326190271
27372783961
27337033208
27372754945
27353987661
27372592554
27349859500
27372592147
27275444729
27372509843
27347274319
27372418449
27355358327
27372414397
20927756820
27372411169
27372391982
27106544579
27372377904
27369315442
27372336906
27205156408
27372317170
27372288537
27136779708
27372284132
27372282997
27372218776
27228466773
27372190812
23368533599
27371930855
27325468918
27371790212
27233374305
27371398916
27371243351
27371237599
27279408360
27371083710
27316684705
27371035775
27369971781
27371023831
27359406342
27370986520
20337043160
27370539230
27262730102
27370468325
27350770572
27370357450
27370357442
27370320174
27369923906
27330860605
27369891095
27369856311
27354716173
27369826048
27369466335
27369418128
27288817583
27369414270
27165699136
27369372225
27329880821
27369326363
27304017495
27369219966
27321568233
27368716559
27304126863
27368492863
27298793682
27368463707
27333682899
27368413890
27347865929
27368344686
27265197561
27368297858
27342600153
27368288530
27332867844
27368271727
27339150155
27368224273
27276910367
27368219164
27368194757
27368029837
27354781676
27367903894
20407556985
27367848583
27353378754
27367640125
27345099757
27367629032
20418984547
27367610323
27332468907
27367609767
27367500196
27318996712
27367491995
27314467189
27367344151
23940279399
27367168418
27265992426
27367111149
27341160028
27367068847
27304645372
27367025943
27363127288
27366872383
24350003505
27366854008
20279399405
27366851971
27160879918
27366530091
23318452229
27366527252
27366376572
27293936124
27366368596
27262304979
27366311837
27315794590
27366260205
27315949969
27365875869
27313771097
27365727681
27365619870
27349236635
27365507185
27321157225
27365471822
27311017484
27365313488
27314489298
27365013786
20254452212
27364953149
27306527997
27364836150
27364702146
27364466086
20439974045
27364406598
27361324256
27364235041
23366079424
27364191176
27322455459
27364042995
27300114011
27364004597
20320067384
27364001873
20045130313
27363965704
23233064734
27363961598
27346243711
27363961229
27363947072
27363848694
27285616692
27363834782
27274160883
27363744910
27169255321
27363596644
27357993410
27363364093
27323809289
27363249510
27352535937
27363226561
27347325576
27363201518
27236680350
27362972979
27335022608
27362935984
27351228283
27362924869
27350622891
27362856758
27329970650
27362743155
20955596561
27362653415
27342294761
27362388959
27329244690
27362364758
27362352741
27306579474
27362344293
27348385785
27362278290
27225230272
27362157868
27347301723
27362155318
27362154257
27335107069
27361755397
27351224520
27361730963
27341351443
27361663948
27341428969
27361643556
27361632163
27361536911
27338200221
27361222011
27182828063
27360922494
27360919914
27360909021
23328719134
27360808632
27288613937
27360789727
27227240429
27360752564
27360679883
27247527783
27360655402
27322906388
27360217596
27300192411
27360026146
27343019039
27359934047
27313628685
27359903524
27340726222
27359900908
27359840840
27359817210
27166011243
27359731790
20356229887
27359707296
27312061401
27359597415
23438722114
27359580059
27346135277
27359252752
27332757429
27359067270
23224398999
27359013375
27331499523
27358922134
27324485924
27358633914
20939521225
27358574055
27317146405
27358516365
20308050042
27358357100
27358355523
27358355434
23249164399
27358014483
27340194093
27357975218
27344133897
27357963317
27345328101
27357935011
27341393103
27357612301
27357606751
27345163730
27357573802
27342295989
27357552759
27337878313
27357550845
27284224391
27357471449
27328065393
27357244256
27281974519
27356729086
27303371244
27356662429
20956887225
27356629146
27355166371
27356575577
27356574457
27356387746
23358948359
27356343587
27283842385
27356122270
27354078568
27355773987
27342902397
27355703318
27175940370
27355633921
20229578155
27355511257
23247892389
27355427027
23386635544
27355150734
27355080213
27340549576
27355065273
27338368181
27354732691
23272541299
27354462104
23305544574
27354336982
27328418849
27354307184
27264428896
27354304312
27168241769
27354277609
27329492155
27354263349
27279390739
27354263349
27285055704
27354234829
27172673045
27354133658
27323920074
27354025804
27354024409
27290190601
27354020950
23394677299
27354019227
27326554923
27353931461
27224822702
27353906491
27303647045
27353796203
27217282816
27353760764
27229622590
27353692009
27353684200
27353676577
27276747105
27353676534
27133229030
27353666075
27350785499
27353636761
27298177868
27353536554
27338034364
27353533237
27190438444
27353501351
27331217838
27353364788
27264657917
27353362505
27337725363
27353206325
27324659477
27353183570
23164226034
27353145504
27299370890
27352829663
27293361903
27352785216
27350518148
27352758472
27350465893
27352520107
27340432784
27352445997
27293290712
27352235429
27228100515
27352165668
27330436838
27352092822
20316437800
27351801714
27351519296
27253782051
27351277799
27343021882
27351271189
27315590731
27351255434
27351112048
27301330540
27351088988
27285646095
27350943736
20312894875
27350940877
23370661839
27350881560
27340509817
27350818524
27328159762
27350609739
27323845994
27350456703
27350418844
27239582899
27350215609
27265530945
27350014808
27328803920
27350001765
23204270449
27349912215
27349853316
27332974993
27349835873
27309769657
27349578366
27349283617
27349091149
27265692228
27349073140
20401286862
27348853185
27344447085
27348774382
27317710742
27348611351
27348584478
20400242381
27348369224
27329529180
27348364591
27270289857
27348284342
27346241506
27348082464
27339569113
27347967039
27301813118
27347788185
23310786314
27347733100
20295420473
27347700555
27310147821
27347547757
27337452855
27347410808
27342523000
27347313810
27347202733
23378147069
27347106394
20228772012
27347104979
20406904483
27347016255
27342526859
27346703119
20184361710
27346634419
20366412663
27346579183
27205778247
27346566901
27346147658
27346091474
27345986826
27174195574
27345890896
27207439563
27345853621
23351670614
27345847737
23343744269
27345819121
27327653313
27345818168
27182388365
27345747686
23297876309
27345737168
27274797326
27345556465
27305597746
27345535190
27186610860
27345209757
27336033417
27345064856
27316343568
27345022444
27330180108
27344991176
27318342488
27344919513
27264522248
27344829506
27217621823
27344362667
20928003613
27344012240
20358605509
27343832317
20299419186
27343780465
27302013166
27343685063
27343020703
27275215967
27342706660
20370607150
27342642425
20174075434
27342588552
27316556731
27342583992
27313432071
27342355574
27342234246
27268106915
27342120585
27135729499
27342119838
27237672386
27342037629
27256789243
27341951122
20349172101
27341800256
27235948902
27341530119
27329979887
27341288695
20956763933
27341211021
23273593659
27341142631
24302798091
27341134167
27328471464
27341008005
27273762170
27340789577
27232616607
27340735698
27221114804
27340717002
27117879696
27340478377
27227444636
27340377813
20277485088
27340284483
27340274429
20405356660
27340186120
27326404069
27339927508
24183661767
27339911962
20233924513
27339849590
23362157269
27339663942
27326524455
27339558170
23954150259
27339533151
20947330366
27339472608
27166893645
27339143434
23328506319
27339128168
27337075806
27339055276
27338969932
27315915088
27338885925
20217916012
27338616584
27286079909
27338584097
27201233610
27338578445
27287509052
27338334945
20260962648
27338218651
27268722446
27338125211
27133557550
27337960338
27332676534
27337959127
20185289622
27337941228
27328497234
27337903520
20938708879
27337893665
27315512706
27337861070
27337812649
27268918189
27337783886
27327600198
27337755718
20944822098
27337671530
23208880519
27337417472
27177620357
27337100819
27290767259
27337085747
27269279163
27336887343
27314948209
27336756249
27238719432
27336640739
27296981783
27336179705
27294551668
27336084208
27306028702
27336070150
27336051660
27335906999
27324313848
27335853909
27325314260
27335753998
27307420576
27335455903
27227550150
27335326348
27320568477
27335247510
23317572689
27335225460
20369319168
27335176796
27165554162
27335105325
27253972160
27335074098
27331112521
27334594640
27311392447
27334584904
27334252367
27334215216
27263161152
27334178019
27327957762
27334045175
27283784423
27334017635
23376717739
27334004568
23379682529
27333866795
27241511826
27333665374
27266021610
27333619232
27322749037
27333262962
27149223407
27333006796
27291455641
27332722986
27267650417
27332226512
23224241259
27332042128
20253594307
27331912072
20178061071
27331879954
27331854161
27331719523
27299504455
27331677200
27317708632
27331508190
27297899991
27331431260
27225919041
27331138644
27165320692
27331036760
27304952399
27330978401
27218266288
27330897355
27236048603
27330666132
27330655254
27310614985
27330640923
27329336072
27330593747
27240264744
27330583822
27290717618
27330551645
27330354726
27309776467
27330332528
27293513061
27330320678
27285376519
27330261108
27330257666
27190048425
27330218962
27328231684
27330073891
27288759931
27330042082
23275631779
27330013066
27209494227
27329979046
20333978327
27329972122
20232468905
27329918241
27216693405
27329781521
27315618156
27329653701
23370419744
27329513780
27257817445
27329294531
20358516808
27328863672
20356526407
27328756256
27323468112
27328502815
20387021974
27328488456
20924325497
27328458956
27161776284
27328457046
27316884593
27328428666
27234469288
27328303081
23085952579
27328222383
20379892494
27328119264
27328074635
27269549055
27327782350
27327659273
20406546234
27327619867
23335257979
27327446628
20404779932
27327428425
27295086527
27327336431
27285425730
27327216312
27327163138
20422957945
27327114234
23388561769
27327078513
27316137836
27326993633
27264949187
27326697155
27318563662
27326376421
27259097539
27326119151
27323269896
27326074433
27294697700
27326066333
27286684292
27326014147
23399825539
27325965237
27325936091
27267335066
27325935400
27312525874
27325830692
20237447159
27325793185
27307004815
27325623913
27293269608
27325528589
20337418121
27325302688
27309766097
27325283438
27324500281
27325251870
27248283683
27325219489
27324960959
27136212554
27324657849
27262358726
27324618010
27228138571
27324614708
27295415113
27324568684
27268062810
27324524970
27264788930
27324414466
20287292369
27324006988
27293007468
27323922840
27311778469
27323908252
27282984941
27323906454
23333692554
27323905482
20231285602
27323808754
27293837215
27323360915
27323345355
27323312651
27171363441
27323191374
20941801332
27322970094
27322790452
27203115372
27322553582
20283670768
27322347524
20335085397
27322086135
27278516194
27321623196
27321524821
27321489457
27309169587
27321456192
27320516620
27321436191
20942358416
27321435535
20329134823
27321325969
27269174337
27320991809
27283440953
27320976044
23374897934
27320853953
27292229629
27320848690
20243968306
27320778471
23942436289
27320362925
27320334247
20445986578
27320281046
20958220481
27320223275
27276496072
27320111671
27232653049
27320089110
27230916921
27320067192
27311350361
27320064029
23106025509
27320048104
20266594284
27319810736
20959051950
27319632315
27319411629
27319239230
23406643719
27319200008
27296989776
27319011809
27269047467
27318847636
20291338004
27318444302
23303283099
27318441648
27287763021
27318411439
27317955982
27318260392
27318173201
23289583289
27317993159
27143983396
27317915247
27205097665
27317683397
27316465337
27317639665
27202506777
27317530442
23350526919
27317501760
27294489040
27317239527
27258655813
27317033023
23409551599
27316983737
27143750510
27316899523
27316836211
23164903699
27316629623
24260108960
27316601044
23250208189
27316596172
27264272527
27316568101
27299854170
27316528916
27245359026
27316429721
27315107429
27316414260
23178334859
27316399067
27316380692
20228983897
27316250624
27316149249
20430913515
27316092832
20307440114
27316059258
27285377426
27315747282
27121515380
27315629107
27311811210
27315559664
20265660410
27315492454
27235546707
27315188798
27265679124
27315111981
23224424469
27314481882
27311909873
27314431389
20389929035
27314233668
27181378579
27314100668
27244047667
27314096083
27129817475
27313808098
20316728783
27313621087
23258723074
27312953434
23262511049
27312893407
27283958472
27312569790
27312528512
27274777627
27312463925
27264520512
27312410031
27278536683
27312403094
27270873427
27312392149
27182500777
27312271597
27301475301
27311990433
20329864112
27311764085
27262855827
27311746966
27311746710
27272040244
27311720606
27228415532
27311351619
20954480225
27311350701
20442569275
27311336334
27247213010
27311236038
20402046849
27311166056
27311145199
27285620835
27310884877
27299040181
27310619987
27300273268
27310598211
20943115967
27310523939
27310473265
27204135997
27310372329
27298834990
27310242751
27310097328
27228833482
27310097204
27310032927
27295927548
27309894060
27303599865
27309882542
23161173134
27309835145
20406382851
27309609595
20329700985
27309484563
20314438915
27309461008
23291410979
27309452769
27304662919
27309254282
27309119113
27309116033
27281706794
27309113344
27296755708
27308927577
27308888822
27138048247
27308825324
27177044038
27308766751
27284524719
27308508906
20359707275
27308191708
27282543465
27308109823
27250520722
27307992723
20296654265
27307865012
27307786228
27304545238
27307771824
27307710582
27256982604
27307503781
27307439749
23231256474
27307383077
23339828059
27307234276
27238047280
27307105263
27306977437
27139947490
27306976058
27298053689
27306774404
20228643190
27306653615
20376010407
27306643296
27179517596
27306512000
27263653683
27306065780
27250489256
27305098820
27225361016
27304811760
20409458875
27304679420
20942541067
27304662056
27148868137
27304594050
23165185269
27304476082
20076032085
27304393748
27277871047
27304128637
27304127649
27304031692
27303741750
20958094273
27303683173
27261337695
27303658152
27252360404
27303590108
23339485909
27303335841
23351374179
27303207282
27244675307
27303081769
20378376670
27303078660
27302763475
27302758315
27256004351
27302537351
27302324773
20374459202
27302006275
23234540904
27301904709
27244851210
27301841987
20303378228
27301796418
27301715183
27301635295
20333886120
27301426513
27301130185
23138002209
27300477432
27184307583
27300441829
27175565286
27300368986
23311125184
27300218909
27267576993
27300053144
27299548746
27262726113
27299548207
27299062924
27299546921
27299306106
27299159383
27232417418
27299051736
27272856708
27298832335
27253198295
27298593810
27294954843
27298367888
20267831395
27298145494
27185912227
27298128387
27293813065
27297899533
20284368836
27297036950
27281525323
27296784279
27237293970
27296706197
27255740607
27296418914
23350939539
27296366833
27296274793
27203601390
27296271646
23956751179
27296083580
20221486707
27296010745
20354985897
27295705367
27295264441
20344694916
27295175953
27295066941
27295029493
27283061030
27294810167
27294809452
23403176079
27294782821
27294782279
20931663330
27294745934
27170326992
27294469538
27249029578
27294426952
20373733572
27293430476
27293174623
27260000115
27293142837
27232609503
27293137779
27284626473
27292863166
27249389558
27292588092
27246655850
27292505030
20265564373
27292436942
27276202753
27292384012
20359454431
27292356124
20256604656
27292003795
23217262909
27291928744
20937522313
27291827573
27286264390
27291463377
23951738034
27291284979
27291259486
20342173439
27291222221
20370228036
27291166194
20268440462
27291016621
20306040503
27290952870
27288751329
27290914448
20371614150
27290793322
23142563169
27290644963
23228440779
27290583905
20344073326
27290552821
23360827569
27290539248
27267425146
27290271725
27210660653
27290233769
20353820533
27290019260
20399503400
27290006339
27289888964
27289511429
20352409481
27289104459
27173602427
27288886305
20318690562
27288834801
20402162040
27288824938
27282302670
27288573811
20338980370
27288378563
20321118144
27288370007
23395196529
27288080483
27133149711
27287896544
27287725456
27287648389
23393680989
27287535126
27252537533
27287504840
27287327280
27287350665
23173802889
27287314251
23309854454
27286995212
23394239569
27286698528
27286079305
27286590255
27272894626
27286440865
23237008049
27285873229
27285848321
27058142684
27285744925
27285630733
27257841095
27285546406
23317864639
27285479237
20414561587
27285478818
20629542559
27285428063
27271883469
27285258427
27285051164
20345293737
27284942537
27263351849
27284835471
27284753556
20290982988
27284705349
27284674117
27200235032
27284448001
27279206350
27284347493
23959077304
27284180351
27244282542
27283828749
20256055679
27283812885
27160093094
27283695803
27245633179
27283505249
23235733129
27283164336
27210894611
27283161787
27254403860
27282852247
20352133214
27282799915
27272425170
27282730370
27218560097
27282726950
20347693694
27282726047
27219679616
27282506721
27245870723
27282326626
27172863820
27281904561
27265407965
27281888035
20265807020
27281683271
27249681593
27281658692
23167074189
27281559228
27281426325
23399806089
27281114595
20363757732
27281073732
27280796048
27280623763
23270158919
27280565887
23351134429
27280534566
27280402694
20376397956
27280287321
23406712494
27279121924
27248758681
27279026336
23258323769
27278618949
27224665666
27278469099
23334518019
27278320842
27248295673
27278214333
23247347429
27277981578
20222341087
27277921079
27227565956
27277592709
27277489231
20367255286
27277483160
27271349543
27277455841
27255070105
27277384499
27256454152
27277378081
27177529279
27277376518
27277366954
20315650756
27277276580
27253805523
27277115706
27175086787
27277039813
27260361231
27276905061
27276804974
20210290630
27276777810
20939229257
27276587574
23940944589
27276498148
20401864416
27276424926
27249053673
27276031037
27256236104
27275935145
20106607517
27275929439
27208922330
27275741510
20378337144
27275652194
27275626738
23413758009
27275478666
27202065444
27275425333
27160272568
27275425325
23279501179
27275422377
23221824369
27275181507
27238001868
27274646069
27254217552
27274556027
27144735485
27274379036
27242318868
27274221572
24282291696
27273994454
23334356779
27273985188
20929986408
27273876427
27223505258
27273557682
23138168719
27273137195
20950585448
27272732847
27144928798
27272179943
20398530994
27272094506
27271780848
27234131805
27271750809
27185239964
27271672301
20364154926
27271592987
27261223193
27271289478
20145216169
27270904551
20361091338
27270800012
23221534069
27270612542
20384915206
27270471299
23393413689
27269632084
27065116028
27269519288
27269434452
27269267912
20381774350
27269202535
27259870629
27268646030
27268491037
27206967280
27268447011
27233286457
27268432480
27268341345
27233287151
27267938631
20401774875
27267884132
20253061325
27267586166
27267536096
23229690299
27267535952
20443959700
27267285166
27236203773
27267258657
27267257111
27267224051
20359206039
27267218248
27267195663
23422520244
27266912280
20287586079
27266847721
20376571859
27266606767
27221203599
27266507548
24926005215
27266353575
24944514070
27266325822
27263951188
27266229548
23332629069
27266185885
27177739524
27266182460
27166801007
27266161277
23338408919
27266058948
27266009041
27265995271
27224474682
27265835746
27222342118
27265678500
20181224798
27265567199
27223626578
27265512203
27265444828
20148492981
27265238470
27204730593
27264834649
20390794429
27264782304
20304456303
27264570072
20491861194
27264509160
27176238548
27264298194
27264118579
23402501219
27264046462
23292094809
27263722618
20283795188
27263646431
23388562129
27263529524
27257891343
27263528765
20281534794
27263487511
23180054499
27263473375
27263294667
20353536177
27262831405
27262726997
27252982332
27262628383
27262482540
23124393469
27262397462
20255455363
27262008776
27181886507
27261920447
23333271699
27261880100
27217672274
27261666060
20961084378
27261578870
23945176989
27261560645
27261531009
20358361219
27261460764
20944562304
27261239537
23360844889
27261201297
27261141936
23080112599
27261140026
27175428092
27261069585
27234776237
27260847630
20247565532
27260695148
20412628447
27260683115
27260598061
27260238448
27260105162
20302827398
27259997750
27254919131
27259983709
27229478104
27259902822
23250199384
27259897837
23368624799
27259786148
27225171802
27259526308
27259397389
20397913644
27259269917
27259202596
27205428513
27259190415
27258977845
23219549199
27258876127
20395494334
27258642967
27258366110
20183003551
27258339385
23254594474
27258269107
27143162619
27258212733
20246780529
27258165131
20385207035
27257950714
27256803637
27257731745
27234678332
27257474858
27127089308
27257393998
27257341386
27254452640
27257314222
23290656079
27256989250
27146246163
27256750126
23344003564
27256691804
20241704654
27256469648
23261797984
27256128093
27255739609
20362535280
27255689075
27255675236
20403900681
27255528500
20393481030
27255473919
27209137777
27255233853
23168787219
27255095833
27244392038
27254974582
27175160693
27254776683
20365277703
27254405154
27254183984
20243537208
27254077432
27200543004
27253960642
27169516125
27253875009
20272584452
27253857094
27175354765
27253780571
20247917048
27253590071
20421185957
27253550541
23373619574
27253399703
20292177764
27253327761
20409332006
27252960738
27252898188
20278713041
27252517672
20355392520
27252505755
27101377364
27251887964
20359143312
27251560035
24254739630
27251542150
23946621919
27251502930
23244486584
27251462246
27251319427
23388425679
27251312961
20165577907
27251126491
27186118915
27251063759
23329934039
27250860027
20945823721
27250686787
27221768227
27250680673
23321196969
27250617270
27226511771
27250581470
27232175627
27250529533
27249378475
27250444074
23173627769
27250438856
27239447797
27250429032
23248209429
27250143341
23327135279
27250092844
20273487620
27250062252
24400902972
27249972415
27249820887
23336175364
27249698534
23202685579
27249381239
27244000504
27249278934
27162722935
27249123086
20320593353
27249077998
20233249115
27249035942
23039564734
27248826350
20944472542
27248482775
20242905661
27248463495
27208676984
27248387012
20337857702
27248372376
20361907729
27248224792
20395622219
27248193463
27248142648
20236977901
27248137326
27247913594
27237705632
27247754402
20420790687
27247176700
27232652581
27246944917
23953065509
27246839366
20923997823
27246819470
20404849396
27246767098
27226417813
27246723902
27173401855
27246723678
27240044744
27246623053
23130818579
27246399056
27234213119
27246256549
20391476439
27245918904
27164529210
27245882276
27245777693
20286315470
27245709426
20396440033
27245480836
20320893764
27245470725
20245641657
27245077160
27227615783
27244791285
27232815421
27244783908
20343880104
27244686325
27244628511
27244457830
20252957635
27244396416
27244308355
27203586464
27244133520
23240829304
27244059002
20376058345
27243936301
20243063249
27243072900
27176959504
27242943584
27242936758
27236182830
27242933430
27217652249
27242913006
23318802149
27242703788
20322379421
27242263958
27228795203
27242228451
27214965386
27242208493
23255132199
27242206091
23230682429
27242136026
20332937295
27241859873
27241795980
27241795301
27207173660
27241789247
20244121447
27241651350
20382968876
27241572434
27186562262
27241556838
27214921494
27241143452
27241064498
20366354558
27240829997
27240594027
27218167077
27240559825
20260585887
27240467521
20220193668
27240425519
27234199116
27240422196
20930731820
27240143645
23376756459
27239701901
23372473649
27239691728
27216750492
27239604752
23291508839
27239601583
20276344278
27239584468
20626765417
27239373602
23219380089
27239373602
20386868515
27239249723
20400968196
27239097990
27239063972
27239044900
23232992174
27238876864
27230337883
27238764888
23247731679
27237982784
23139063279
27237895741
27237816817
20045289460
27237793507
27202780151
27237743836
23293306184
27237238961
23281412019
27237107379
27180173256
27237047686
27237002631
27236891246
27214753842
27236833467
24338096492
27236766182
27208222444
27236758732
20170237308
27236718021
20946295001
27236650370
23142531429
27236436956
27229915253
27236093471
20944854720
27235633626
27235538089
23162042939
27235514287
23939305149
27235092455
20252511769
27235009663
24335556689
27234777969
23338302789
27234728828
27228567278
27234368392
20387315862
27234075689
27175048192
27234034893
23256880679
27233639325
20329532322
27233283725
20259830126
27233281390
27230609921
27233253346
27233039387
27232820832
20386664553
27232781225
23394914304
27232561411
23951513954
27232490107
27232423310
27228891296
27232381952
27228770421
27232098002
20352431487
27232085261
27118824526
27231918499
23342923909
27231556953
20336261423
27231554535
27231359422
27161777434
27231307678
20375550777
27231279739
20358206043
27231206952
27230869133
27136601240
27230757084
27230743237
20320071438
27230642236
20357097712
27230526775
23292355599
27230433823
27228522320
27230377273
27223170590
27230268075
27182233957
27230263138
23311992899
27229901481
27229841748
20308368670
27229765170
27229701709
24929823881
27229332193
27173880583
27229225257
20371221655
27229023069
20138464718
27229013012
23290567149
27229011966
20959627887
27228941641
27208259739
27228861125
27218434881
27228841523
27228731418
27181655793
27228567774
20314753527
27228565836
20223035192
27228461380
20042990427
27228290489
27181987923
27228169256
20394693821
27227992374
23320012309
27227973760
27227715680
24358363500
27227633811
24928160420
27227563112
23384529089
27227172202
27227072712
27172039907
27226152593
27172661845
27226098459
20959175501
27225553551
20164902480
27225233263
27225089413
27224673901
27173341844
27224549690
23220058379
27223841762
27200519294
27223683881
20432657222
27223593564
20324471856
27223552922
27218514176
27223032821
27222932497
23202820379
27222511726
27204563395
27222299700
27222293532
23215277879
27221892513
20392352245
27221882321
24363511801
27221489344
20958477644
27221474630
27136548838
27221293601
27169149807
27220995963
20385264926
27220857919
23357586089
27220634820
27220543531
27142135162
27220254858
27220164999
23160095369
27219989615
23186043219
27219829324
23056713514
27219755940
20395345606
27219681815
27187459031
27219415937
23188464009
27219255883
23124883849
27219181952
27139244708
27218832763
27218616726
27181278949
27218449501
23214925389
27218343991
27217964704
20388939991
27217645102
27208931062
27217322567
20943195405
27216810312
27216710040
27215325054
23281558749
27214974180
23280376914
27214947426
23284469739
27214895841
20328674425
27214865985
20366035045
27214835946
23145571049
27214809899
23284475259
27214739181
23236493539
27214566392
20205979361
27211748864
27211611230
24177084723
27211552455
23228543209
27211096182
23366806539
27210953235
27207032331
27210939461
27210936640
20331009483
27210734711
23203155484
27210668336
20243638225
27210668050
20163439205
27210028558
23349983184
27209554157
23420962479
27209541020
20165466005
27207420072
27175876583
27206984509
27206708404
27060454073
27206690017
20386884235
27206351271
27206020771
20358640231
27205993954
27205982049
23946986879
27205379601
27182824416
27204866290
20937391227
27204730283
27172566176
27204443136
27165130141
27204278194
20306520491
27204214919
23356364279
27203837629
20363244190
27203837548
27108936296
27203659682
20396647320
27203515346
27203346269
27203329704
27177598378
27203182126
27202857359
23307258579
27202708205
27202289490
27202287722
27202037599
27202007029
27167862700
27201803204
27181414702
27201569295
20951642062
27200686115
27160566421
27200233447
27180954789
27200229849
20333433118
27200132675
27200116262
27136139857
27200083976
23325320079
27200078778
27189015009
27188701308
20329470068
27188282011
27188247534
27134364403
27187110810
27187058894
27061426235
27186381292
27185006005
27186205885
27169140397
27186067946
23149270299
27185572167
27185434872
20380763738
27185392207
27185345861
27054446042
27184760180
27184726071
23395004999
27184504818
20322013915
27184424636
20277559944
27184356762
23935916704
27184336729
20221823568
27184058583
23333042339
27184049576
27184011390
20337298312
27183972516
27183785872
27183928673
20171482799
27183776490
20942065206
27183216592
27056923603
27182829132
23218199984
27182827156
27182532970
20383611572
27182354355
27148013336
27182346670
27147620301
27182313403
20435987606
27181442447
20340440871
27181182496
20945748975
27181148174
27180789184
23162776584
27180759633
23184870924
27180750288
27173400913
27180750253
20173068914
27180646782
23165980174
27180194067
20267139939
27180052904
27179866191
20149410784
27179417702
27141981450
27179288473
20398380461
27179105360
23349773384
27178467684
27174929756
27178365431
20363747303
27178222983
23367244259
27178206260
24408926153
27178023824
20268256572
27177842961
27176542913
27176086098
20337818863
27175886406
23495881849
27175877830
27175568714
27175864011
20358199020
27175572932
20939219014
27175566959
27175353319
20948817269
27174927826
23224987439
27174795725
27174673662
27174429575
23262843939
27174275160
20397816940
27174051505
27173268888
27173192946
27064376425
27173058859
27059524556
27172942534
27172863812
20215873162
27172601834
27172360667
27172298198
23220004929
27172004909
27169398904
27171083171
23213392484
27170978043
20373541592
27170711381
27170574732
27165698385
27170365629
27169837649
20233639908
27169665864
27169626362
23379524109
27169574885
20368870464
27169412001
27141889554
27169300971
27149453488
27169005406
27168960315
20247602063
27168924653
23249497134
27168788032
23180285954
27168431827
27168270548
20116074932
27167854139
20362930287
27166890611
23200220099
27166800329
20305345432
27166794280
27166773305
27120227233
27166711520
20275216241
27165837741
23131029829
27165323020
27165227668
27165196460
27165069957
20162938429
27164762837
20130113436
27164634898
27164597488
20262453570
27164586087
27164584661
27163986804
20300821848
27163261826
27163209719
23325287454
27162650055
27162587477
20371621033
27162563047
27162360987
27162247722
27162229767
20165202687
27161437722
24338473431
27161312784
20313490263
27160872166
27160819982
20273833618
27160575803
27160568416
27149848903
20336320926
27149265630
23244453929
27148831144
20260517253
27148470192
23412179099
27148338111
27142559124
27147673723
23135769754
27147506584
23231787429
27147441679
23127350809
27146703270
20307298962
27144830348
23309216164
27144820121
27144740152
27144560049
27143990465
23142264374
27143267100
20351426781
27143214414
20955463197
27142110070
27139656135
27140959680
20927424526
27140628765
27140525753
23179650894
27140332696
27140276613
20382582188
27139650315
23399847389
27139586412
27139332615
20316646582
27138762071
24280972734
27138586303
27137989684
27137822801
20345001108
27137494529
24347426918
27137170197
20120314182
27136799849
27136660956
23352206709
27136255458
23311783769
27135559631
23408365414
27135422598
20314132123
27135151616
20960264070
27134870422
23275600229
27134685897
20939950096
27134667325
20337896635
27134425240
27129864732
27134232620
27134041027
27120933561
27133947618
27133614597
20343817410
27132548701
20269583631
27129498582
20955682220
27128447348
23318032009
27127806034
23260791419
27127139402
20436695579
27126156451
27126014495
23134306874
27125490145
27124060856
20319136321
27123718270
20360879675
27122692847
23375481189
27122673575
23335191099
27121553428
27120711836
24358363659
27120451109
20118029926
27119687689
20930567125
27118908096
23303642609
27117650303
27116777199
27113045553
27110413314
23110784694
27110353818
20210719203
27110158543
23929728599
27107978262
27106963369
20124985103
27106058682
20111218847
27105481220
23104605079
27100886435
23386134499
27063786670
20331900770
27061874971
27058809603
23350500014
27055920198
23329523624
27054449866
20358011536
27049581934
23129817739
27049579700
23272438374
27048254107
23200012259
27044948384
27039989366
23254861529
24947752584
24939546088
24944485097
23944401679
24942642497
20928324185
24941235723
24308370530
24941215692
20953973686
24928673258
20365936081
24928075466
23951118524
24399144732
24396220500
23949233219
24393407650
23377888839
24386807120
23951730009
24363982855
20427777619
24340761231
23369512579
24333653652
24326103337
23178987399
24325175474
20403458083
24322656250
23345213279
24321883326
23222292689
24313266776
23303053239
24312850733
20330539500
24306517321
20926097327
24302567898
23428109309
24299278030
23269344164
24294966834
20958527102
24294874344
20343434333
24290486021
20339318086
24285217098
24284950506
20248173409
24282654268
24277804553
20394125157
24276002097
20402825104
24275598387
24268349045
23959131759
24265422515
24261109901
20353958047
24260598658
20324312235
24257645904
24257310910
24248957936
23957237479
24245287700
20352548694
24244810493
24218119391
23333219239
24203645925
23216481259
24190433133
23124709199
24185972131
20353232771
24167770645
20346191695
24145022246
24123022102
23370216819
23959238499
23945571039
23959142149
20426594480
23959049289
23957747809
20362761159
23957489249
20214759455
23956212669
23371630309
23955561759
23204813469
23953461374
23386821569
23951148229
20953772885
23949583139
23312816849
23949505529
23422956549
23948380749
23947425439
23948061899
20236823181
23947664409
23946757039
23947432249
23947028189
20947052110
23946446769
20955081995
23946065749
20952517571
23945558199
20956330832
23945523549
23938886229
23945449659
23939452249
23945377739
23945348119
20952284925
23944968849
20948556732
23941510574
23226721169
23940328799
20944735055
23927546124
20345125761
23925957259
20264350140
23923890459
20441936568
23921324359
20337948082
23445323799
20400809039
23441294344
20948352991
23437209839
23376103609
23433928539
23386891389
23430781499
20444323079
23428950259
23418870869
23424735159
23296652563
23424324744
23365692459
23421129339
20955776187
23420795769
23382119339
23419590789
20354890799
23417797734
20403916677
23416850569
20925906183
23414597629
23410657139
20440443835
23410067889
23166001269
23408705509
23275337919
23408610389
23333659174
23407483189
23406535959
20388932695
23404768964
20959983659
23404631519
20334054870
23404391739
23382502159
23403052949
20340496672
23402600179
20400906832
23402441119
20365011932
23398726049
23357266769
23395890719
20379785523
23395880349
20938979082
23395516639
20958109130
23395021524
23393125624
23393703679
23388961449
23392609539
20367037254
23389940704
20396448956
23389406589
20949275176
23388426314
20951602141
23388253134
23341507979
23386753229
20382688024
23386734569
23386089159
20352341151
23386006679
20326536440
23384230989
20959904422
23382814444
23382427599
20358813926
23378297389
20327369637
23377823729
23205485759
23377500679
23372806109
23376828549
20329294596
23375339994
23374001019
23131296819
23372492929
23372421819
23372393939
20326408809
23372049014
23226173994
23371102639
20417166719
23370539669
23176482559
23370184984
20371785737
23368533599
23359892349
23368260479
23366453849
23367506199
23298644479
23367465859
23225592519
23367169729
20428244940
23366168559
20374056396
23365724229
20271534451
23364794479
23363201679
23317297599
23362247519
23202859879
23362234549
20400881910
23361727444
23361308689
20417692240
23360515869
23288375119
23360347249
23359966709
23283050149
23359844034
20388581418
23358661289
23345550194
23357598109
20341382719
23357502829
23224657714
23356048199
20953074673
23355101819
20390108606
23353743139
20956075301
23353519689
20435227466
23353465449
23254916129
23353428179
20285639507
23352168629
20387083015
23351860049
23348574639
23351673559
20341011133
23350710809
20119060932
23350508899
23298126699
23349735059
20955706243
23349402629
20960776055
23348490729
23161363839
23347625469
20397444377
23347347469
20394944662
23347285749
23345908129
23185878589
23345769919
20950446936
23345135499
20386305456
23344928649
23261666219
23344363374
20315045216
23343330189
23251347514
23343292449
23342719929
20957831878
23342516459
23341963249
20416615250
23341960509
23284782429
23338809999
23224118414
23338438184
20381865526
23335840429
23119042399
23335582349
23324522689
23335567579
20334053130
23334176789
23236655989
23334054829
20958191015
23333626659
20201875464
23333417049
20359896973
23333385759
23330558644
23330246669
20134393441
23330196904
20148277762
23330193719
23186373219
23329340619
20334114644
23328356449
20352272044
23328142899
20944019449
23327594184
23326744719
23245404239
23326530034
20295841487
23325988509
20417927159
23324312129
20951714756
23323565449
20952109775
23323176914
20269510421
23322689829
20372334690
23321775179
23304073179
23321728219
20278547141
23320397359
20342096663
23319799249
20388464020
23319729259
20354079624
23318323879
23169650659
23317864329
23301724039
23316806309
20924984008
23315531179
20420958642
23315044944
23314970934
23314469399
20401910191
23313646009
23313485269
20433935099
23313179699
20234616464
23313145409
23288032904
23312705044
23311492624
20320932972
23308085414
23307741369
20390967927
23307703319
23202227759
23307590344
20339651540
23306688669
20330356406
23306287419
20244413952
23306140949
20353471830
23305762539
23290086329
23304396849
23296795364
23303888969
20388250047
23303780939
20222160139
23303460144
20277053641
23302768269
23267269149
23301480504
23300896359
23300657214
20317284013
23300498639
23300408559
20379923578
23299623734
23180032479
23299551229
20948014867
23298124149
20298120462
23296912999
20314354282
23296708399
20388256207
23296687979
23272623449
23296378224
23272032939
23295863919
23295418559
20353294157
23294972439
20381435661
23294561919
20411169481
23294224254
20380504112
23293258139
20931402537
23292723849
20249363503
23292602979
20413438404
23292405359
20339921017
23292398689
20286956379
23291923569
20146113649
23291597319
23185666999
23291222129
23282109239
23291177719
23290607019
20323516325
23289881549
20413940932
23289545859
23288992959
20357009023
23288650594
20408785651
23288253714
20268263315
23287676654
23287619979
23227482109
23286863469
20362586659
23286742599
20358915532
23286499279
20165772963
23286492169
20200027516
23286275869
23285526779
20384996087
23284630289
20947071670
23284576039
20958695870
23284559169
20232418053
23282545373
20376707955
23282293609
23281427199
23280676969
23280603244
20272098477
23280052949
20327530535
23279493079
20309451423
23279437004
23140901709
23279196929
20313223699
23278069249
23143903109
23277038064
20362098069
23276898469
20379131698
23276872354
20927502128
23275334499
20380470331
23273849289
20299562337
23273803599
20412608179
23273555099
23231370099
23273057439
20322329203
23272795789
20372261170
23272454809
23271828829
20949555829
23270318584
20357455325
23270238289
23270006779
20413854971
23269492759
23268914129
23269324139
23269220139
20925156826
23269214449
23202226299
23269190949
23252850759
23268867589
20200148712
23268642129
23227126469
23267565619
23267499659
23112245359
23266984219
23266204809
20209135486
23265661939
20930182304
23265599109
23262834719
23265585264
23265437419
23130014259
23264997569
20311311922
23264059909
23263742389
20927274443
23263530179
20310125203
23263180429
23262458229
20358715347
23260752669
20959889512
23259733189
20951253627
23259095239
20388873591
23258733029
20336660107
23258501179
20360842194
23258302729
23239220479
23258059859
23257057879
23256460009
20271125462
23256326434
20278252710
23254524069
20416377635
23253554819
20372112922
23253197099
20355058809
23253062649
20921098317
23252531459
23251661529
20298877903
23249846139
20258832540
23248826509
20251899283
23248470429
23206111429
23246987564
20334931332
23246866929
20242936451
23245908229
20305944131
23245771304
20281742583
23244917089
20146475265
23244846874
23244806279
23218091814
23244420699
20942941057
23243854199
20945875276
23243514339
23204733139
23243337119
23240409569
20347701433
23240212749
20264662061
23239693849
20251882267
23239611079
20242156251
23237782259
23185053539
23235179369
20300682864
23235161079
20362065969
23234730444
20362607346
23234554379
20432478255
23234151479
20441425636
23233941549
20329012264
23233634069
23233247189
20297415035
23232682094
20269116251
23231330399
20406544894
23229972634
20390229284
23229923684
23229220594
23229124919
20307223334
23228861839
20315978123
23227933704
23137265419
23226786309
23226392149
20164640060
23226296999
23223271189
20361316828
23222695139
23222665299
23221771494
23220191559
23177316369
23219812299
20321252843
23219055714
23218954839
23144353129
23218413919
20945173794
23218023754
20309675933
23215998029
20240664748
23215490459
23215241599
20224342870
23215071499
20242030037
23214861569
23214580489
20356971192
23214552639
20231555669
23213821644
20330896990
23211790229
20398130627
23210946829
20297512375
23209879964
23125730299
23209879964
20226555103
23207618934
23207434639
20947663624
23204426309
20234716019
23202816274
20228234320
23202139434
23200623509
23166070309
23200096924
20172023097
23186244214
20259131414
23185775399
23185142639
23163332949
23184517949
20311337255
23179736039
20367397455
23178469959
20054686561
23178399829
23177266264
20149123041
23176172894
23175901949
20390095474
23174420939
23173466889
20948005833
23173338864
20272831913
23171983754
23171020859
20253975386
23170558049
23170457099
23170407814
23170388674
23170386329
20942747595
23170320549
20371715356
23169779279
20929985339
23169195609
20340176260
23168433174
20277244722
23164130819
20226284894
23163827409
20920936319
23163159619
23162680269
20370414913
23162443259
20282549299
23161543659
20291161678
23160092149
20331043924
23149064079
20444892375
23147740859
20344380679
23147342489
20390115459
23147174829
20377244959
23144774329
20293323136
23144669924
23143555909
20327595408
23142423839
23141883259
20279419090
23141294059
23141189069
20223761624
23139791789
20308024483
23138094359
23136194739
20410659272
23135313874
20303352288
23134077689
20360438210
23133628509
20251642517
23131999429
23129885599
20924144026
23129616164
20308467644
23127534829
23126157789
20390680008
23125999069
20951009521
23125879209
20929811756
23124721539
23124241189
23123795059
20183107268
23123668499
20386308536
23123475739
20287798033
23123452119
23122595609
23118162269
23108962089
23107545069
20322540648
23083653809
20960895968
20299942156
20960863845
20958587547
20960703449
20629830201
20960702116
20354981255
20960487428
20960052596
20959754196
20959626236
20942301694
20959290076
20959278734
20389301958
20959176869
20209930642
20959154644
20374009142
20959130745
20342393404
20959106518
20958996439
20308142966
20958869828
20369231686
20958814748
20946485005
20958770244
20359761725
20958238585
20395864964
20958023554
20952175379
20957954244
20235865964
20957748830
20947320549
20957522611
20945508915
20956806896
20351713217
20956484368
20281201493
20956252246
20944502646
20955659644
20332176472
20954779697
20359949511
20954706304
20165930747
20954693369
20392139614
20954408346
20950094649
20954218725
20946035433
20953993520
20953874262
20293923303
20953144175
20340893612
20953001366
20949019315
20952883209
20949241298
20952241606
20266257903
20952162617
20415406747
20951264572
20927369029
20951231887
20921409878
20951122085
20939937421
20950988976
20936837590
20950752638
20949474756
20950419998
20950228173
20257679250
20950208261
20949615597
20393907895
20949526241
20949384277
20414491260
20949298281
20949284906
20405138361
20949222641
20947017447
20949001998
20261167302
20948794307
20945702371
20948794226
20932109213
20948578388
20945627272
20948467039
20467390059
20948456681
20260328515
20948152135
20941697772
20947949978
20947933095
20357023034
20947809114
20942631201
20947748395
20300799621
20947583167
20328068908
20947582535
20947473914
20945966875
20946787443
20359491485
20946615774
20944581155
20946567796
20388616726
20946460282
20341816379
20946213706
20339055050
20946182193
20946149838
20945883198
20946081648
20419988007
20946073246
20945936755
20397136656
20945751054
20289163205
20945651289
20945639130
20927378575
20945471566
20247923609
20945246937
20345433253
20945201119
20268403702
20945121522
20398130112
20944908200
20304105896
20944894196
20942943904
20944835440
20297802942
20944822098
20944586297
20333334454
20944502743
20437635383
20944475916
20942893893
20944408887
20369481089
20944125605
20333796989
20944122231
20944091034
20291398252
20943614688
20943131121
20292653531
20943026549
20388345102
20942836407
20231034529
20942831006
20930050769
20942789425
20942694084
20278799302
20942441879
20942170980
20942029277
20940079382
20941383255
20416064645
20941119078
20163690331
20940904588
20939253506
20939000853
20332062078
20938951102
20324559826
20938904724
20258143508
20938836613
20388438054
20938744808
20366618911
20937543515
20428291108
20936974318
20401317989
20936615814
20929231636
20936519181
20934158904
20293812382
20932688507
20388405245
20932155568
20142007453
20930765717
20298136954
20930420949
20929722419
20930024792
20421970441
20929985363
20412603797
20929963297
20319105299
20929923589
20929740522
20365186538
20929707886
20306693000
20929278802
20335855028
20928897649
20303061895
20928635296
20358805370
20928532756
20399248869
20928395422
20296053075
20928197019
20114246515
20928077110
20927379741
20337823379
20927081130
20239185739
20926587014
20353481992
20926417941
20351690403
20926302389
20353173716
20926142136
20370564168
20925534162
20265897127
20925463427
20924697904
20925426955
20323403997
20925404145
20420999977
20924926733
20303407201
20924506084
20345306596
20924454092
20923870882
20923628283
20316645020
20923259822
20923161741
20324942719
20922973610
20252325183
20921980621
20260219031
20920931708
20627335599
20626781455
20491709783
20248621568
20462698373
20429406944
20459869469
20366981447
20458702315
20406507735
20456129103
20366435167
20445600211
20442092355
20442725366
20398593260
20441575301
20409991689
20440914501
20440497285
20439713713
20415485833
20439080737
20426212987
20438680013
20395502329
20438628089
20423208709
20438568876
20436617845
20437961795
20437448672
20435728775
20437294071
20338031107
20437292613
20390676256
20436727721
20436314524
20382533683
20435991913
20399865647
20435096590
20404605535
20435053182
20366993941
20433431074
20426321468
20432513131
20303046365
20432005578
20259880883
20432005241
20188411976
20430001400
20429646171
20418898985
20426263131
20426263123
20425303938
20277597080
20425221923
20408807833
20423689588
20423469642
20423253917
20400380989
20423196786
20422561170
20294936336
20421573140
20413097496
20420544724
20405804655
20420456337
20403779017
20419707547
20295227185
20419515427
20341950806
20419236692
20398485824
20419080854
20395369416
20418812479
20403054268
20418558343
20405436362
20418372371
20418001357
20410804000
20416907464
20401842765
20416686670
20415734949
20408329559
20415638532
20394273555
20414592709
20337607005
20414537740
20413521654
20412447035
20319867318
20412343124
20412131771
20393388111
20412024851
20304399334
20411682847
20354242444
20411660827
20411422527
20376758207
20410669022
20410655668
20410651212
20374107152
20410244137
20383213348
20410087449
20277570840
20409944567
20343832924
20409483853
20409228802
20408938482
20408938156
20408935262
20369023145
20408832870
20360864910
20408706905
20185293786
20408566119
20408535469
20352234533
20408517398
20353461169
20408008345
20381990096
20407644183
20337447350
20407301928
20391518778
20407163797
20406728804
20406524419
20145758174
20406352987
20386696056
20405474698
20405275202
20386815098
20404945719
20391090336
20404931238
20404633113
20404048849
20403825574
20257115276
20403291375
20395359720
20403286983
20403080986
20399779295
20402912139
20317515961
20402586908
20399835160
20402541289
20388913860
20402416794
20402016362
20396099714
20401436775
20401266764
20343711663
20400971197
20125340955
20400925063
20145590893
20400807222
20232610205
20400730688
20299005896
20400723355
20299353045
20400608092
20400222879
20392493523
20399772851
20399569622
20394243451
20399551502
20332894332
20399001154
20374250907
20398994990
20398981333
20398333269
20370572470
20398273525
20242719450
20398025025
20380734304
20397653332
20218564128
20396685788
20262837514
20396635780
20395999134
20396457556
20247973614
20395955102
20369370465
20395649087
20395577043
20395566505
20377836252
20395563816
20395500164
20395260511
20395257456
20395166493
20395119770
20291067590
20394928756
20394919633
20382003161
20394126072
20367170728
20394064670
20362902089
20393807807
20392394096
20393745623
20393530155
20371407406
20393514265
20359475080
20393274434
20365870226
20393241099
20384386998
20392944762
20291173005
20391867934
20240467713
20391826952
20272689467
20391379522
20367677563
20390565225
20349887178
20390101148
20310857077
20390090014
20350499491
20389838013
20389503011
20389333841
20200622422
20389117944
20363058702
20388905094
20388808706
20388543486
20359399910
20388328879
20388287994
20361108842
20387452649
20337935932
20386982733
20386326127
20386131539
20381510450
20385643676
20385558946
20369214838
20385490144
20344059366
20385371757
20326695980
20385299134
20385234334
20385129913
20385127783
20272082503
20384972668
20378676402
20384899359
20368679837
20384627405
20358514406
20384590269
20356033486
20384293582
20250009969
20384089667
20377297416
20384025138
20273402269
20383763860
20261901731
20383277990
20249632962
20383074542
20162562208
20383044821
20382708939
20297818989
20382167962
20295079917
20381662161
20381651208
20381561497
20250282118
20381486460
20317235373
20381056792
20380897734
20296014789
20380796954
20320641595
20379980954
20293340316
20379971165
20350823051
20379914544
20378074496
20379860673
20379811702
20361805136
20379781919
20357633142
20379375856
20379295216
20370076740
20379235221
20298419697
20378778310
20361616260
20378731500
20282660769
20378615691
20359487224
20378422362
20378420548
20378051429
20378014205
20267255912
20377875037
20373770044
20377702973
20327815602
20377561377
20298247861
20377441614
20372561743
20377137826
20374513940
20376064841
20367890186
20375758947
20244116796
20375662680
20358357793
20375416000
20278606830
20375188660
20361340559
20374822951
20374234901
20339557412
20374218906
20363095357
20373998061
20373887952
20311809602
20373879720
20373688267
20372870576
20372593696
20372436272
20364941200
20372364999
20173769548
20372336421
20372055988
20371914804
20308072070
20371752626
20371398296
20338993936
20371323822
20371275690
20371093398
20367787385
20370845027
20370362018
20370227544
20345531409
20370082619
20359863773
20369142632
20328405319
20368975177
20368947602
20332383370
20368809137
20227062208
20368732673
20368534766
20279767579
20368349934
20348837665
20368259021
20337797025
20368076504
20301292024
20367636492
20272850152
20367391511
20324484613
20366638025
20366613332
20304568950
20366579789
20366559397
20341772150
20366342355
20179162378
20366085565
20366075071
20366015184
20365977586
20365749117
20312756065
20365613428
20344361968
20365602507
20349744229
20365601438
20365597147
20362364001
20365319988
20291918043
20365297747
20364983817
20364494174
20336981566
20364403853
20319322192
20364186755
20308890768
20364016329
20351613905
20363974644
20347518493
20363971084
20350926306
20363945792
20294350641
20363808949
20339386146
20363685626
20329113966
20363273654
20253681021
20362994129
20362984174
20264711356
20362954968
20362884145
20362603448
20337080899
20362474001
20275893561
20362473811
20362223629
20209982103
20362156646
20349423473
20362050155
20343194472
20361889836
20361741448
20317726822
20361640854
20361588631
20361573383
20361527977
20216806442
20361312059
20330987147
20361177240
20234864166
20360915442
20360845789
20356192665
20360811671
20360677347
20353165675
20360645682
20360391540
20360164048
20359819154
20118303548
20359800631
20359632925
20359583312
20359165499
20359153881
20355439411
20359132930
20359081201
20354728959
20358917012
20330354268
20358715908
20244833218
20358606831
20358486674
20358207422
20317225149
20358030972
20357603502
20348068882
20357583730
20357127379
20331167011
20356841140
20252991450
20356637306
20218979077
20356599633
20356578709
20319282336
20356397496
20355518923
20355512259
20355454844
20351960664
20355382126
20355135889
20219854049
20354273943
20354220092
20354086418
20213058682
20354023378
20244523871
20353947282
20219873809
20353942787
20343685468
20353712382
20330262398
20353711297
20353693345
20243149941
20353628950
20353530675
20353343441
20336755752
20353342283
20353053575
20352429253
20300233156
20352409856
20343435496
20351704188
20351549042
20351421488
20310593770
20351124947
20215444504
20351011492
20350239287
20325995794
20350120697
20128017012
20349823587
20246745480
20349560349
20349480426
20316567925
20349276683
20234747402
20349104491
20307454611
20348891465
20347997995
20347673855
20347626652
20163211638
20347530302
20345316222
20347502287
20333335574
20347300307
20121779707
20347170497
20230858668
20347016331
20179784964
20346970066
20346902982
20346828928
20346705370
20320108307
20346528134
20270000062
20346314339
20300899537
20345859331
20345843591
20326114368
20345713612
20345621602
20181837986
20345532766
20226042971
20345394053
20345365215
20345133616
20318623555
20345016709
20344042463
20345013149
20344999695
20289926284
20344897647
20255148908
20344723746
20316634401
20344239844
20339345075
20344152501
20343762543
20330852020
20343243384
20318699020
20343223820
20287017783
20342711627
20328906245
20342622144
20238646473
20342603123
20185659853
20342540768
20342215492
20239428860
20342138595
20335044801
20342031855
20315482454
20341500169
20341492948
20174922765
20341422354
20286077693
20340725698
20298259444
20340278659
20340040717
20335460724
20339859923
20144457359
20339819840
20339806676
20339686247
20339520659
20339470791
20296275809
20339360791
20339253790
20339047066
20338990562
20268183397
20338779497
20311359445
20338246472
20337478299
20333062144
20337068139
20336883831
20333678544
20336768706
20315084971
20336447438
20336338213
20336255601
20308873367
20335960484
20307053803
20335633408
20335512899
20240227178
20335106904
20321020969
20335044135
20259019592
20334985149
20261201675
20334681360
20334217931
20334197590
20273125869
20333995590
20318613932
20333563429
20333432987
20324232983
20333421616
20332105753
20332428188
20307114055
20332369254
20293581852
20332106784
20332061799
20331799220
20331056473
20270246703
20330857464
20330857464
20330575191
20330031884
20324521926
20329922414
20268358286
20329781713
20285010021
20329342132
20329198139
20329020607
20327837789
20327835816
20319257692
20327536592
20327257030
20266337117
20327250850
20327168011
20322529806
20326926664
20326867641
20222577374
20326605221
20217717346
20326138046
20326113418
20325906457
20247844725
20325787857
20176829088
20325765683
20235057671
20325396343
20308006655
20325318067
20243133875
20325266741
20311334000
20325163977
20322481137
20325118505
20251263788
20325101823
20324771000
20324523155
20324395955
20324233726
20209142717
20324218573
20243644853
20324027921
20323944084
20323525553
20320398585
20323511978
20262870775
20323255866
20322881763
20322618809
20222781982
20322059885
20321967176
20183184432
20321858628
20228752194
20321739610
20275936562
20321619755
20308097561
20321544917
20321458697
20321385908
20165236409
20321217177
20320945071
20222318840
20320014647
20319841610
20297035690
20319795570
20296248844
20319704907
20273834215
20319670492
20319540890
20319338374
20289780956
20318845736
20290550425
20318755915
20318542946
20318492264
20307539099
20318207144
20317556765
20231262165
20317380128
20317323922
20317110120
20122676391
20316942696
20114993965
20316844481
20272866814
20316793046
20292288477
20316506594
20316417753
20185671667
20316411771
20169753327
20316148825
20315931895
20288570001
20315839204
20201873909
20315749809
20284836627
20315544883
20315530440
20291985174
20314944586
20314618700
20259494649
20314547102
20308359205
20314435452
20313524982
20314077440
20299274951
20313608884
20313379923
20291500936
20313282954
20313047475
20312955211
20312679591
20312662370
20312411572
20312385067
20312264073
20277534836
20312070570
20311938399
20311863003
20311818857
20271499605
20311654897
20284536704
20311605888
20225908142
20311433092
20309480539
20310800075
20291989641
20310660974
20310456951
20310397211
20306978102
20310338169
20286318763
20310332705
20309780834
20309219725
20309127138
20309123094
20226459724
20308696732
20207489841
20308204309
20307629993
20299863000
20307192072
20307184436
20307082323
20257628656
20307022576
20132173827
20306966015
20306934725
20220523188
20306668715
20140595439
20306498666
20077750518
20306498488
20211319578
20306456297
20272417505
20306424786
20306296036
20232886693
20306108450
20243368554
20305935205
20305550826
20305465020
20251187267
20305449696
20304983109
20304913089
20304608049
20304441322
20140098206
20304105209
20203927909
20304082403
20304019965
20304010623
20230527084
20303566113
20207178188
20303523805
20303484397
20259703035
20303206451
20147184272
20302952907
20302786640
20302559814
20184032822
20302512508
20302107034
20277298784
20300980261
20300773940
20300544682
20271204524
20300488278
20182753557
20300448977
20300437487
20296527867
20300358730
20300311971
20235931584
20300072136
20295245752
20299588964
20299491898
20299192920
20298870534
20298713722
20186482086
20298479770
20297951824
20297565401
20297530128
20235536340
20297175212
20287747536
20297017110
20239168923
20296756874
20296753387
20291986596
20296401588
20296367738
20296326233
20167740333
20296282422
20296276228
20295612356
20259656991
20295575744
20250214309
20295533979
20295435330
20295337118
20295310201
20294915746
20294216074
20248741016
20294009532
20293945676
20293784044
20265956263
20293776424
20293434663
20292863153
20292258098
20292190337
20291631836
20291596402
20236918107
20291235280
20291164944
20289844369
20290944210
20290913439
20234805755
20290793220
20274269384
20290521999
20205834967
20290504601
20289999028
20289882058
20131376228
20289048058
20243194106
20288559083
20272608130
20288151696
20273561901
20287991704
20287558946
20287463473
20287346876
20287314451
20287126728
20287068191
20286867813
20286119809
20286857346
20286798013
20286683313
20286200983
20283055974
20286147020
20266664010
20285879184
20235145414
20285230579
20238314306
20285228175
20276651138
20285134561
20220241026
20284952686
20284806035
20260115090
20284710003
20284117744
20267569283
20284111592
20283996876
20280618234
20283694357
20283691722
20243580642
20283620752
20260880455
20283211194
20283059023
20283051316
20269292750
20282776864
20258772726
20282724996
20282654866
20281816722
20270673164
20281701313
20281691873
20271706538
20281630343
20202427783
20281619994
20281232852
20281165624
20185130275
20281081005
20281072898
20271467428
20280745147
20280438929
20280341178
20243648352
20279884400
20279882610
20279254040
20278583881
20240836530
20278580742
20242206135
20278322794
20278232620
20229495705
20278207081
20278200060
20278080995
20258214464
20277879264
20277876230
20252823078
20277846609
20229977580
20277388457
20256047188
20277108977
20233658333
20276928563
20172937250
20276918320
20276894987
20276643178
20276174410
20233995941
20276024893
20275909301
20119166544
20275254305
20274626470
20274147416
20249990656
20273825003
20176826704
20273121693
20273108425
20148096105
20272967858
20262061737
20272645443
20272627836
20272599964
20271834269
20271566485
20271458712
20271393009
20271311711
20271015187
20242051271
20269872234
20269498324
20269329948
20214867851
20269266849
20269022818
20269003112
20245892781
20267538760
20139352832
20267492965
20267427373
20235673755
20266586664
20260241134
20266323140
20179125049
20266287616
20258333277
20266194693
20249382192
20265596607
20265268863
20120864794
20265178783
20264802009
20261789281
20264725853
20264177198
20264125902
20230190462
20263957351
20263848730
20263836929
20142702852
20263630980
20263503180
20262992285
20262991319
20262888151
20262804330
20262803539
20215223745
20262600212
20262314554
20148319295
20262132952
20262009778
20261695945
20218342494
20261532884
20207511103
20261174481
20260443772
20260432495
20160220067
20260422872
20215659160
20260383869
20260066707
20230840998
20259966648
20242701659
20259662916
20170680619
20259581320
20259401942
20250961902
20259156689
20176534622
20259064482
20258961847
20258134711
20175112198
20258056958
20257265014
20256867282
20256805112
20255948580
20255615964
20255515609
20255317823
20141036301
20255302052
20148953083
20255290518
20254777669
20254369072
20254303357
20254184048
20227680114
20253782022
20183567404
20253688530
20145023042
20253444577
20253302535
20144398395
20252595431
20252536036
20236826237
20251879215
20251823988
20251536059
20251367184
20251334391
20179228964
20251332860
20250992158
20250974613
20250504242
20137657342
20250295856
20248806886
20242366248
20248749327
20242247524
20248280841
20248182726
20225911135
20248141639
20248016737
20208103963
20247915517
20247158503
20246875910
20246771139
20246708194
20246570494
20246280828
20246250333
20246109703
20128818279
20246105074
20246038970
20245956631
20245829591
20245615001
20245605146
20242162928
20245352930
20245137487
20201009317
20245129719
20244993770
20244970142
20244837256
20244780939
20224013524
20244587489
20244398155
20244193774
20243373442
20243373442
20243211086
20224363436
20242928912
20242506716
20228549518
20242405847
20242295243
20242042620
20227074818
20241712509
20241271545
20241132596
20241127614
20241059163
20219262133
20240336503
20240223245
20222324352
20239812008
20239587152
20239266747
20239238980
20239061983
20239060979
20216142811
20238911185
20238734860
20227676303
20238643733
20238343918
20237921497
20237844557
20237817746
20216444613
20237606044
20219000562
20236786022
20236573762
20236115721
20236017126
20235906385
20235681553
20233949370
20235590051
20235321425
20226851403
20234998367
20234575458
20234572866
20143402089
20234339193
20234317238
20233971058
20233885488
20233272443
20232461633
20232164507
20231301551
20231285009
20231257269
20044170575
20231208241
20214790395
20231196634
20228783103
20231188291
20133697501
20231035282
20230900559
20229450175
20229279360
20211412810
20229127056
20184758092
20228304124
20171539375
20228014401
20227716526
20227566141
20227536943
20227089483
20226295446
20223104674
20226223070
20226053604
20226018396
20225918431
20225822655
20218326766
20225806374
20225652296
20225166979
20225050164
20224718404
20206814102
20224272139
20224034114
20132496391
20223615032
20223608222
20223358412
20223058656
20055069876
20223057498
20221347642
20221098472
20184227399
20220676952
20220570690
20220467296
20220003281
20218825967
20218721339
20218383522
20218369562
20135738108
20217793689
20129269104
20217670439
20205891588
20217384304
20217375836
20217165122
20215490271
20149359436
20215446280
20215363571
20132274372
20215221297
20134659522
20215073433
20174087343
20214967740
20161149552
20214723647
20214130948
20213746090
20201690715
20211763087
20135230309
20211429195
20210300164
20209741262
20168714336
20209589266
20209464587
20209127181
20147014938
20208800273
20208271572
20174929409
20208270142
20101599281
20207962032
20207234207
20207233014
20149252283
20206983710
20206656027
20205871129
20149063057
20205746162
20126963573
20205205943
20204909564
20204843563
20204355135
20175378619
20203813970
20203680881
20203646357
20172130802
20202257551
20202011846
20200897170
20200713282
20200479913
20200248695
20145672334
20200225555
20187783357
20184283256
20183784391
20183531361
20183500156
20183476158
20183430565
20183064550
20173468556
20182234495
20181893991
20181395681
20181182548
20181102943
20180889087
20180804871
20140067750
20180754416
20166030731
20180446851
20172331425
20180127012
20179844894
20179364612
20179034043
20178222903
20163259517
20178128257
20177458814
20136153111
20177060365
20176889862
20149843680
20176762536
20176313154
20166152799
20175870386
20175559354
20175512536
20175324241
20175216783
20174886874
20133599615
20174703915
20174580481
20174450383
20174390976
20174273279
20174100137
20173820667
20173593695
20173215909
20171373817
20142832233
20171326363
20170534485
20046710658
20169237310
20168929367
20168907487
20167747486
20167623310
20167487727
20166689261
20166245347
20165824335
20165730780
20134987600
20165336780
20165209436
20165158114
20144559003
20164877788
20164436285
20164060404
20164024599
20163784964
20162678370
20162641779
20162605616
20145012288
20162396480
20162246527
20161712052
20161152618
20160922649
20160679396
20160232758
20160195992
20149529889
20149254537
20148332399
20148181439
20147440805
20146764283
20146038167
20145675996
20145635560
20143987303
20142490014
20142045673
20141820444
20141293835
20141236319
20141062248
20140788156
20083605619
20140776085
20140744043
20138525997
20136913329
20136877349
20136853253
20131567864
20136694899
20136246144
20135998819
20107492470
20135653005
20135511405
20134069172
20133358073
20124501564
20132779415
20132636509
20131343931
20131174293
20130268731
20128248227
20127675822
20107623885
20127520500
20126593385
20123668554
20122896421
20122677517
20121605520
20120835883
20120717651
20119609357
20118782829
20117985297
20112993100
20110623616
20110276339
20109627640
20107663380
20106881023
20105548290
20104287310
20086267560
20085059867
20084997871
20082983474
20076218065
20045505074
20044242665
20043149793
20043133145
20042734455
20041832542

